3
0
12
10
7
6
0
4,7
18,21
5
15
6,17
0,21
16
1,2
4
20
1
21
9
7,11
5
4
8
0,1
11
1,25
18
4
0,2
0
7
8
16
3
17
0
1,2,7
9
27
1
13
19
3,13
3,12,17
4
11
27
0
10
4
3
19
0,2
1
0
1,2
5
12
9
4
10
3
5
0
19
7
4
1
8
0
6
7
4
0
5
2,12
1,2
2,9
25
9
2,8
27
13
0
11
3,6
0
7
6
7
24
1
6,14
0
26
46
9
4
5
3
0
3,6
7
12,33
0,2
2,18,41
0
1
3,6,14
1,2,14
28
0
15
17
1
34,41
3
4,24
24
12
0,26
13,22
5
19
0
1,2,6
8
10,29
11
7
2,8
6
16
2
30
5,26,37
10,34
32
7
0
3,6
18,21
4
1
11
10
15
9
1,22
2,4
0,27,34
10
2,8
0
5
3
4
3,10
0
24
6,13,22
1
6
23
9
4
0
5
3,6
4
27
11
4
15
13
1,2
1
2,7,8
7
2,10
6
8
16
10,13,19
0
4
33
3,6,11
4
21
3,20
1
3
7
4,9,28
0,24
23
0
5
4
6,28
7
0,1,2
9
12
1,28
3,14
0
4
2,10,31
5
14
3
19
18
5,11
7
9
5
1,2
5
8
1
4
7
0
10
15
4
9,10,28
12
2
9
20
9,11
0
3
1,2
4
1,3,6
11
31
15
3,6
17
0
1
23,33
2
3,6
7
4
0,2
4
16
17
2,6
0
2,4,26
7
2,8
10
3
27
5
17
2,14
0,6
0
8
2,11,23
19
6
17,25
2,4,23
1
2,22
7
6,24
8
0
11
3
1,6
4
1
31
3
5
9
7
0
3,12
0,2
18
7
12
2,3,6
6
2,24
30
3
1
17
6,25
1,17,23
13
2,18
0
5
1,2
1
9
4
10
3,6
7
24
0
3,6,10
2,3,4
21,22
0
3,6
14
12
35
1,11
0
4
0
10
4
7
5
3
8
2,7
1
5
0
2,12
4
5
0
1,2
19
4,11
11
14,33
26
9
5
29
3
0
1,3,6
1,4
4
16
17
3,11,14
4
6
4
1,2
4
18,28
4
5
7
2,4
0
3,6
0
5
27
4
28
0
15
3
0
8
1
5
9
24
0
7
16
3
13
10
20
1
2,29
0,3,6
18
11
5
7
2,9
46
3,6,23
9
8
3,6
4
0
6,14
13
11
3
1,6
10
0
1,9
15
1,2
15
3
3
1
21
1
5
8
43
0
4
3,6
22
0
8,13
20
3
5
2
6
1
11
15,31
0
8
0,2,11
7
30
8,11,28
3
1,2
1
24
1
4
15
3,6
2
18,21
12
4,12
17
10
9
1
9
1
4
2,8
0
2,4,23
13
3,6,14
1,23
34
9
8
36
12
4
11
19
3,14,23
32
5
7
10,18
1
4
4,7
17,27
9
1,2
5
6,13
4,14
10
28
3
0
1
3,6,11
4
3
5
2,3,8
4,10
11
12
8
0
7
11
10,25
10
4
7
4,26
1
13
0
6
4
2,3,30
5
12
0,23,26
7
9
14
14,22
0,1
0
2
4
1,2
1
20
2,3,6
8
1
2,12
10
0
11
5
7
8
12
4
16
14,32
9
1,2,22
7
17
5,20
2,31
3
1
10
24
3,30
5
11
0,11
1
3
3,6
14
12
0
9,14
4
3
9
10,11
2,9
25
1,2
3
13
0
3,8,14
4,26
9
8
7
18
18,41
3
3,6
8
15
4
6
7
0
4
15
37
11
27
8
3,6
0
1
12
10
1
7
1,3,30
0,2
21
5
1
6,14
0
19
1,28
9
8
4
7
4
7
30
1
5
8,11
0
18
3,6
8
0
16
5
1
0
35
3
9
14
25
19
0,6
10
6,13,22
3,6
15
5
0,2
3
17
4
4,23
5
3,12
3
0
7
6
4,11
0,12
1
0,2
19
5
9
11
0
1,2,4
1
10
12
1
2
0
7
0
4
9
8
8
3
3,6
11
1
9
1
18
1
3
15
1,2
19
0
5,34
6
1
10,20
7
21
9
13
0
5
1,5
1
1,2
20
12,15,19
44
5
44
0
5
10
5
9
0
18,21
20
1
25
35
37
9
1,8
13,15
1,13,18
1
7
13
5
8
1,2
35
3
0
2,12
19,25
15
8
9
5
13,28
1
12
10,19
21
5
11
0,2,24
5
1
1,3,19
1,9
2
8
12
1
11
11
7
0
8,9
18,21,45
5
9,19
2,22
1
12
9
19
2,9
10
0,3,11
42
0
9
4
1,7
1
9
10,25
1
0
4
2,11
8
10
5
11,17
0
8
0
1,3,6
1,23
9
40
10
1,2,5
14,15
16
1
7
8
5
4
11
17
2,11,29
0
0,6
4
21
26
8
12
1
10
0,4,20
12
2,8
1,2,3
5
15
9
8
21
5
10
11
6
22
2,23
15
15
11,12
4
3
16,20
0
9
1
0,16
5
13
11
1
2,11,13
12
0
8
31
5
12,20
1
0
8
11
23
7
1,13
5
9,34
0,1,2
11
1,2,19
2,9
9
0,9
25
19
4
1
12
3,6
2,8,22
7,25
9
3
5
14
1
17
12,14
10
0
8
2,11
18
27
9
1
16
0
5
2
8,35
1
0
1
1
20
0
3
9
1,2
4
5
44
12
2,9
9,14,28
0
10
21
13
10
8
11
5
36
3
1
33
0,2
7
1
0
19
17
0
10
11
1,20
2
10
2,4
1,15
4,11
10
2,10
0
2,21
19
1
1,2,11
15
11
2
13
5
3
1
10
2,22
0,2,11
1
4
12
0
0,1,2
3,6
15
11
20
13
0,2
10
0
0
3
5
7
21
13,17
8
1
19
11
1,2
3
10
9
1
5
6
10
10,14,21
8
2,9,11
8
1
2
25
0
2,7,29
13
35
8
41
5
1
4
9
3
19
0
1
11
0,4
18,21
20
0
10
3,12
1,2
9
12
8
5
1
4
45
1,19
1,5,11
16
1
20
0,2,19
11,27
9
4
0,11
3
27
0
9
5
3
2,9
6,9,14
25
19
10
9
4
11
13
5
9
8
15
1
1,3,6
7
5
0
1,2,11
3
2,9,22
5
1
2,6
2,11
2,8
9
2
3
1
0,1
1,12,18
2,8,29
0
0,2,9
1
2,7
2,4
18,21
3,6
10
8
9
13
22
3
19
3
7
1
37
11
16
0
2,24
5
2,5
4
1
9
25
8
18
11
8,29,43
10
2,35
35
4,22
0,2
4
9
1,2
5
17
0
12
10,12
0
35
8
4
29,31
13
2
5
1,12,19
1
0
9
1
11
27
9,10
5,9
5
6
15,42
7
2,11
0,2
19
5
26
5
10,25
3
0,11
20
9
23
0
15
4
22
0
13
3,6
8
5
4
3,7,34
19
1,11
24
25
1
2,4
0
11
26
15
0,7
20
8
9
20,22
4
1
20
14
5
1,2
1,12
16
1
12
5
2,9
3
0
4
13
11
12,45
1,2
0,9
0,24
0
5
1,6
17
9
1
19
10,12
10
1,2
0,2
12
0,12,16
1
37
0,1,11
0
11
11,26
19,22
2,11
20
0,3,17
17
1
3
1
9
3
19
8
1
17,19
9,20
9
0,2
11
3
0
1
5
1,2
4
0,6,12
1,9,20
15,42
15
4
0
1
42
8
7
40
16
0
12
6
4,15
1
19
1,25
12,13
1,3,6
8
10
12
21
5
9
4
3
13
1
0
0
3,4
4,31
27
1,2
3
1,6,25
9,10
2,11
0,3,14
12
42
4
9
11
10,18,21
0,2
13
19
1,6
10
27
28
2,22
4
10
9
7
19
3,6
1
1,2
3,17
9,13,14
1,7
2,13
12,13
1
27
10
9
8
3,6
3
1
1
0
1
4
8
9,11
1,9
1
1,11
11
1
9
22,28
8,10
10,29
1
15
0
7
10
12
7
9
8
5
4
0
17
11
6,9,12
19,20
22
1,13
9,28
12,14,22
1,2
0
10
3
1
19
25,26
9
0
14
1
2
17
15
1,2,11
8
25
4
10,18
8
6
2,9
19
20
6
10,19,21
1
5
4
0
2,4
1,11
11
6
1,2,6
5
27
0
4
13
16
7
11
1,2
4
2,6,14
20
3
10
28
0
12
10,18,21
26
3,9,39
5
38
1
0
2,8
7
5
8
13
21
17,31,37
4
6
15
21
0,6
1,2
0
2,10
3
27
9
0
3,6
2,5
0,2
3
16
18
5
2,7,14
8,29
11
4
10
6
20
1,18
0
8
0,8
22
1,4,11
1
2,9,11
5
13,14,33
6,8
5,10
1,2
3
2,3,6
2
5
10
18
2
0
27
1,2,23
9
1
1,10
3,13,37
1,2
2,6,18
10
7
4,13,23
20
0
7,10
9
5
8
7
4
2,8
27
0
24
0,2
6,13,14
1
1,13
4
1,28
15
3,6
0
19
0,12
11
5
3
0
4
1,2,14
8,13
26
3
0,11
16
9,26
4
10
0
0
2,18
7
8
11
3,6
8
5
5,21
9
7
3
13
0
22,23
1
0
7
6
1
1,2
3
3,6,19
1
4
6,31
1,11
2
4
0,2
0
10
2,7,16
7
31
1
5
9
13
10
15
25
11
3
34
8,11
11
0
7
0
4
24
1,2
3,6
1
2,9
3
2,12
4
5
7
23
2,11
10
3
6
4
25
3,5,6
2,8
4
5
0
12
4
6,11
40
6
27
2,6,8
9
24
21
4,22
0,1,2
21
2
0
4
17
35
16
9
7
4
1
16
13
1
1,2
6
14
2,34
0
10
1,2,6
7
0,7
6,13
4
7
5
9
11
4
18
19
15
6
2,5
8
4
0
1
0
11
0,2
4
24
0,10
15
12
4,12,23
10
1,6
4
3
7
0
1,2,6
19
4
3
0
1
21
10
2,4,12
4
0
3
10,22
3,6,7
8
7
16
4,7
6
4
8,23
11,13
0
9
3
12
2,4
0,5
4
0
25
15
6
0
16,23
4
5
1,2
9
1
3
20
0
0
2,8
0
4
14
5,25
9,18,28
16
7
3,11
0
24
3
10
3,21
15
1
5
6,11
0
31
4
8,12
10
4
12
0
11
16
3,6
0,2,12
9
0
2
7
32
1,2,14
2,3
6
1
12
7
2,22
0
7
9
4
4
7
0,15
14
20
7
8
4
8
10
1
0
21
8
7
0,2
4
4,18,21
1,10,25
1
4,8
9
0
7,20
6,14
1,2,23
25
14
12
30
3,10
1
8
3
16
4
4
0
8
9
1
2,36
7
4,7
5,35
19
10
1,3
15
5
32
9
3
24
0
0
27
3,30
1
20
6
0
0,4,12
1,2
7
2,8,14
10
3,6
0,2,12
4
9
7
0
3,12
2
0
6,12
0,1
11,23
14,22
7
0
21
10,13
4
2,12,25
18
3
28
4
22
0
10
6,24
9
1
0,5,23
12
4
0,1,23
2,10
3
7,12
0
1,2
12,14,15
7
1,6
16
0,10
8
17
3,11,14
7
17
4
1,2
26
12,28
3,31
0
0,2,6
8
10
12
15
8
7
5
34
1,2
27
0
7
5
9
0
0
1,2
4,14
0
2,24
3,6
4,7
8
16
0,2,11
1
4
2,38
13
6
0
10
14,28
0
3
12,13
3
4
8
7
25
2,7,12
8
0
6,29
0,14
0
20
3,6
0
12
4
9
6,17
0
7
1,23
19,29
11
1,2
4
5
0
7
11,36
12
6,32
1
0
12
3
0
8
6
13
2,6
17
14,31,33
1,34
1,2,6
9
4
3
21
3,6
4,13
6
0
2,39
17
0
7
23
5
1,2
2,4
5
9
24,29
8
6,8
0
21
4
9
3
2,3
0
6
2,14,33
1,11
28
1
0
10
7
0
15
43
5
0
4
1,3,6
0,11,23
1,2,11
9
3
4
16
0
15
0,22
1,2
5
12
0
3
4
8,11
1,2,4
9
7,11,22
36
6
4
23
25,26
4,12,13
9
12
9
22
23
11
2,9
3
3,6
7
15
0
9
4
10
15
4
7
0,6
0,11
2,3,13
2,5
1,4
1
7
7
13
0
20
16
2,7,20
4
1
1,2
3
0
4
1
6,8,29
3
11
10
4
6
25
2,42
5
0
9,26
0
3,6
3
0
4
5
7
12,30
3
1,2
28
0
4,10,13
15
0,2
7,8
21
0
7
8
2,8
2,9
13
11
19
0
4
19
1
4
24
16
13
0,2
2
4
3,7
9
4
1,2
2,4
22
3
8
4
30
21
11
2
7
12
18,21
10
0
4
26
24
7,28
2,9,26
2,11
7
5
0,2
1
0
9
3
4
0,2
14,25
0
19
16
10
8
22
0
5
9
4
15
10,25
4,20
7
11,12
7
0
4
6
1,14
2
1,2
0
30
1
21
8
1
10
1
0
7
11,16,43
14
25
0,3,6
4
10
3,10
0
9
31
6
7
4,7,11
1
1
0
15
4,5
9
2,8
5
17
11
6,12,14
28
1,19
11
3,6
2,12
12
5
2,22
3
0
7
0
1
2,4
1
13
0
1,2
11
0,2
0
8
30
2,7
11,14
0
9
2,4
0
8
13
10,24
22
1,2
9
2,4,14
0,21
7
4,29
10
5
9
0
7,20
0,2
4
0,1
9
4
9
12
0
2,10
7
3
14
3,6
4
11
21
3
8
0
2,6,14
12
4
0
12
0
0
1
5
3
7
11
12
18
6
1
18
11
2,3,14
0
13
0
5
18
2,3,4
8
2,4
1,2,5
1,23
13
2,39
12,13
4
0
2,5
14,33
19
2
1
16
11
3,6
1
3,15
0
0
14
4
7
11
12
13
9
1,2,25
9
0
0
18
4
0
1
11
1
3
0
2
2,9
9
9
8
2,9
10
35
2,12
2,8,29
8
9
2,13,14
0
15
33
0
12
2,9
24,26
17,23
21
3,6,23
7
5
10
10
0
15
9
9
14,33
5,10
0
0
12
4
9
3
4,10
6
0
13
13
1,2,6
19
17,23
3,6
0
1,2,12
7
13
26
4
9
0
1
0
2,14,19
1,20
6,14
0
3,6
0,2
8
25
14,29
5
4
1
10,12,29
1,2
2
2,11,37
3
1
3
1,2
10
1,2
16
4
7
1
1,2,4
2,11,29
3,6
10
2,4,6
22
3,30
0,3,6
2,8
1,6,9
15
5
0
1
3
0,2
3
1
0
17
0,12
4
8
7,9
24
18,21
1,2
7
0,7,37
3
0
0
4,7
12,22
6,13,14
4
16
2,10
39
1
21
0
3,12,19
32
3
0
11
3,14
10
3,6
10
0
0,41
20
0
1,2
2,4,26
11
4
6,14
0
10
7
0,2
0
4
8
3,6
2,32
10
9
8
1
0
0
0
4,14,17
3,6
30
11
0
3,6
3
0
0,2,12
3,6
3
3
7
12
5,9
9
2,9
13
5
0
1,2
6
0
16
4
0
0
9
7
30
5
10
6
0
4,19
15
3
1,2,11
0
1
0
3,6
18,21
3,22
24
9,10
9
0,2
12
1,2,23
17
0
2,7,9
5,14
0
17,25
3
15
3,6
0
7
1
12
1
4
15
5
2,7
11
12
3,6
4,28
8
9
10
13
12
9
12
20
4
0
9
1
8
8,9,36
1
0
2,9
4
3
0
3
11
11
3
6
2
12
4,6,25
1
6
7
0,2
4
3
16
0
2,39
9
0,2,36
0
19
25
2,11
10
13
3
11
23
0
17
0
0
11,25
3,6
12,13
4
1,2
5,18,20
9
10
1,2
4
8
29
11
4
0
0
4
30
6
11
7
1,21
2,6
13
13
0
1
2,17
7
4
4
2,15
1,23
1,2,29
8
31
3,6
10
26
15
1
10
2,8
0
1
9
15
5
1,2
8
0
0
3,6
0
25
17
9
3
13
40
11
0
0
0
13
8,30
24
0,9
0
12
3,6
9
0
4
11
17
10
0
10
2,5
0
4
6
0
0,2,12
0
3
15
2,7
2,7
0
18
11,25
2,10
18
3
12,13
44
3
5
8
9
6
3,30
0
0
4
4
0
0
4
4
7
1,2
14
7
6
5
3
0
11
3
0
15
7
4
0
4
2,4,37
21
12
3,6,30
24
4
13
7
13
18
6
1
7
7,11
25
11
7
25
18,21
7
0
1
10
12
1
5
4
1
0
4
2,3,6
0
7
18
0
0
11
1
17
32
0
0
15
9
8
13
1
5
7
18
3
3
27
11
5
38
6
1,2
20
0
2
21
4
18,21
16
6
18,21
2,10,33
0
2,10,25
3,30
6
7
0
15
4,10
18
1,10
0
3
4,11
3,6
3
0
1
0
21
3
17
8
3
3
0,2
7
4
3
1
24
30
0
2,12,33
3,30
27
0
10
4
3,14
1
1,2
0
0,6,14
10
2,18,21
12
1
17
4,13
1
16
1
4
0,6
1
5
1,2,8
7
20
0
15
5,17,22
9
12
11,21,25
12
0,6
7
3,6,17
18
9
7
0
0
4
0,6
1,6
32
1
11
2,6
7
17
0,2
4
0
4
0
7
7
3
3,6
0
4
16
3
3
10
0
0
7
3
2,4
4
15
12
1
2,9,11
10
0,12
4
2
3,6
1
2,4
17
3
5
4
24
3,6
7
0
28
17
6
5
0
27
8
2,6,33
3
14
1
0,7
1,2,14
24
23,24
10
1
1
15
19
6,25
13
3,6
1
5
1
12
3
11
4,9,21
4
4,26
7
21
11,18,21
0
3,6
3,20
29,36
0,1,2
26
1
3,6,26
15
0
4,6,18
12
7
15
23
26
4
9
1,18
5
3,19,27
24
1,2
1,2,15
21
7
6
4,11
12
3
25
19
3
2,24
0
13,29,41
9
19
0
3,14
0
1
3,30
7
18,28
3
3
9
6
1,2
3
15
1
10
3
5
1
6
12,25
4
0
27
0
15
1,2
28
2,23,33
10
7,20
3,14
18,28
5
21
2,11,12
4
1
0,21
2,7
46
0,12
5
3
1
2,8,29
24
1,11
24
13
7
7
4
5,14,24
8
0
3
2
28
7
11
0,2
12
6
1
3
3
7,10,13
5
1
0
24
0
24
5,27
1
4
3
3
3
7
3,6
1
3
0
4
7
3,14,33
7
11
5,8
19
8
4
3
14
1,2
18
1,2,9
11
22
14
12
8
6,9,13
4
11
10
0,12
14
2,11,29
8
13,25
38
5
7
3
2,36
1,45
19
9
1
3
25,39
12
0
17
8
5,31
12
14
44
6,13,31
2,7
13
27
13
10
2,38
15
19
2
19
19
15
5,16
28,31
0
1,2
8
24
39
39
2,24
9
0
11
0
0
0
5,11
13
0,5,26
20,21
17
7,17
14
2,8
0,2
1,10
4
0
13,27
1,18,21
19
3
29,39
12
5
0
14
34
7
4
15
35
4
3,30
16
7
9
21
13
3,30
4
1
3
3
7
7
4
0
10
2,4
4
3,5
5
5
22
7
13
26
5
2,5
1
27
11
2,4
10
9
5
5
2
3,14
2
4
3
1,2
9
7
4
17
0
2,3
46
1
8
25
1
0,2
9,25
10
4,14
5
15
4
5
9,10
0
2,6,29
26
0,3,17
0
10
5
1,14
16
4,11
20
10
7
2,5
0,25
7
5
1
18
7
1
4,7,9
3,6
5
16
5
26
15
0,2
3
1,2,23
0
6
5
6
3,6
23
5
8
13
11
0
4
7
0
0
3
5
6
5
7
21
6
35
4
1
27
1
6
1
8
13
1
5
17
10
1,2,4
2,8,14
2,5
22
17
3
11
1
2,13
1
8
8
1,3,6
8
25
2,8
8
8
3
0
0
12
3
3
0
1,23
0
9,10
2,9,15
3
38
1,2
8
11
16
1
1
5,40
4
10
3
5
9,12
1,9
3
0
0
0
15
9
1
4
6,22
7
8
4
3
30
3
8
20
2,8
2,6
1
8
2
2,6,11
4
8
1
3
8
19
0
0
40
1,2
0,11
3,28
9
10
4
16
17
10
3
22
4
3
1,2,14
9
6,7
13,20
7
7
3,6
9
4
12
8
5
10
14
9,14
9
32
3
7
20
0
0
27
3,23
0
1,2
2,11,18
7,11
8
4,26
26
2,5
4
41
5
36
4
12
27
1
2,3,8
2,15,25
8
2,22,26
12
1
5
12
24
3,6
15
6
16
5
15
2,29
3,6
1
11
3
5
24
20
6
8
3
8
4
1,2,12
5
8
3
27
10
1
9
0
13
2,8,14
0,10
8,12
1,2
15
0
4
5
40
4,10
1,6,23
16
8,15
4
18,21
0
4
0
2,5
3
1,2
1
10
28
3
2,11,29
6,13
8,26
8
17
1,2
0
7
1,2
1
11
5,28
1,2,7
2,4
8,13
8
8
0
4
15
6,21
1
8
15
2,5
12
3
3
4
13
4
0
0
0
23
4
12
5
4
10
10
8,9,10
1
7
3
3
0
1,13
2,4
12
5
16
19,26
0
1,2
4
12
7
7
1,8,28
5
24
0
7
8
15
1
16
7
5
4
12
7
13
1,2
10
5
7
19
24
1
10
1,2,11
24
12
0
13
1,2,11
17
10,13
5,12
10
1
8
13
6,7
5
0
3
8
7
0,13
4
0
1,2,24
2,8
27
2,8,26
4
6
1
12
2,8,19
27
5
4,13
0,2
16
5
10
0
2
1
5
30
15
1
8
26
1,18
16
29,37
7
5
25
3,14
2
7
3,14
14
2,12,14
5
8
6
22
4
1
15
3,6
0,10
24
5
11
1,2
1
20
1,2
47
9
8
4
1
1
3
0
1,28
5
0
5
2,8,14
20
16
8
10
4
2,7
2,5
5
5
0,5
7
4
4
11
10
10
0
1
13,27
18,21
15
4
8
22
0
4
4
12
5
26
11
31
0,10
0
3
11,20
8
4
0
5
1,13
11
7
3,6
1
20,31
27
5
1
10
0,2,31
5
5
0
3
27
2,22
0
8
1,3,14
1
0
28
4,6
3
3,14
4
9,11
5
11
16
1,15
0
7
1,18
8
2,3,16
0
5
8
4
10,12
6
9
0
1
8
0
15
9
8
37
15
5
25,37
5
30
3
3
9
0,3,6
7
9,10
4
0
7
6
4,28
5
2,8
5
2
5
0
8
8
0
1,12
8,19
27
3
1
31
0
21
15
1
0
10,17
17
7
27
8
32
2,7,12
23
8
6,11,15
3
5
20
13,14,18
10
12
2,5
43
11,28
0
10
37
11
4
1,23,30
3
1
1
6
8
0
3,6
0,2
7
7
15
14
12,19
22
37
3
2,15,33
2,9
7,29
5
3,6,23
2
1,2
15
1,2
3,6
0
2,4,36
11
2,19,23
7
3
9
25
3,5,6
30
9
8
0,13
4
11
0
12,25
5
0
0,32
13
7
0
3
0
8
5,20
0,2
3
2,5,9
21
4
0
5
11
0
20
1
18,41
9
5
13
19
13
2,14
0
12
2
1
2,3,6
9
0,2
5
5,22
7
5
1,2,14
4
4
4
5
5
0
5
3
4,14
16
0
4
7
16
8
8
11
2
12
3,6
1
0,2,29
0
0
12,14,23
6,13
27
3
3
10,29
1
1
12
0,6
10
0,2
0
24
12
3,10,14
4
0
3
4
8
9
6
18,28
7
1
1,23
2,9,26
9
2,13
16
3
1,11
6
7,10
3,12
26
1
10
7
1
10
5
2,11
1,2
12,15
24
0
22
2,8
26
10
4
6
9
1,2
6
2,19,22
10
2,6,13
16
0,2
5
2,7,8
6,14
38
6
26
1
3,14
8
8
8
22
10
2,11
11
7,9
13
4
16
1,23
2
1,2
1
1,6,17
6
7
0
2,5
0
2,7
7
4
8
7
23
2,9
10
16
7
1,4
12
0
6
15
4
11
30
4
14,17
1,2,12
2,8,14
1
4
27
2,8
3,6
10
5
14
3,6,12
6
7
1,10
23
23
9
3,6
8,29,40
2,22
6
12
4
2,7
25
26
24
6
5
16
1
16
8
10
16
0
20
1,23
0,2,3
5
0
4
1
3
35
3
1,2,9
6,14
16
10
10
0
16
7,13,26
4
9,14,24
22
4
8
20
9,26
5,12
3,30
7
10
7
1
18,21
3,12,32
0
12
22
8
3
10
8,14
19
16
16
15
0,11
5
32
0
0
0,3,6
8
4
0
5
4
15
12
5
5
5
1,3,6
0,2
2,22
6
5
7
0
1
3,6
7
1,2
14
36
7
3
2,11
1
4,11
1
16
12
5
2,8,29
0
2,15
5
8
8
22
5
3
15
6
11
3
5
0,2
12
13
9,11
13
3
8
2,4,12
5
0
11
2
1
16
2,8
20
1,28
8
12,13,14
1,2
10,29
5
8
8
14
2,11
1
3,6
1
12
15
5
2,11
1
3
17
10
4
6
24
5
0
2,5
11
2,8
5
8
2,22
5
27
0
5
1,18
5
8
1
37
8
2,5
1
31
12
5
15
15
3,12
12
1
8,20
0
0
3,6
10
0
8
10
5
9
1,2
8
1,2,12
2,5
5
4,26
0,16
9
4
4
1,12
6
24
12
6
0
2
8
5
28
6
8,11,24
1,2,7
4
7
1,2
11
5
10
1
36
6,13
17
7
5
5
0,15
7
4
16
10
0
5
3
8
13
8
32
8
0
7
0
16
13
0,11
11
13,17
4
16
5
17
5
19
5
13
32
7,18,21
5
9
1,3
5
4
4
42
4
4
8,11
10,12
32
0,2,12
29
1,23
17
5
0
3,6
10,25
10,15,32
8,26
9
0
3,6,10
16
4
4
16
8
1,2
17
0
0
4
0,2
8
17
2,4
17
1,2
3
2,24
18
0
5
4
4
13
6
0
4
20
13
1,2
24
0
5
1
16
2
5
0
3
0,11
1,10,13
13
5
5
9,10
27
12,13
1
2,24
0
11,23
6
4,14
3
3,6
24
1
22
4
4,5
0
1,2
9
7
10,29
2,8
3,8
13,34
5
15
0
7,20
16
2,4,11
2,13,23
3,13,14
3,5
1,2
5
7
8
8
5
0,8
0
1
4
4
4
23
10,26
1,2,14
0,7
5
1
9
1
5,8
0
6
0
6
7
9
0
4
15
2,3,6
2,9
3,12,13
0,1,12
16
1,2,20
1
4
12,22
10,31
0,2
25
9
9
4
1
1,2
3,14
4
4
1
25
10
1,18,28
1
1
15
7
4,6
0
16
2,8
4
12
25
31
5
7
2,3,10
1
21
8
12
5
4
5
19
10,25
7
7
1
4
2,9
4
3,6
0
2
3
2
12
8,29
9,10
15
17
8
5
2,4
4,14
4
0
15
27
4
13
2,8,29
4,9,10
1
2
17
4
26
10,11,13
9
4
4
7
5
36
7
2
15
16
7
7
13
19
1
7
16
3,6
3,6
0,2
9
17
0
25
0,1,9
7
4
5
2,6
1,2
4
40
3,6
9,10,28
0
8
16
7
7
32
28
0,1,6
2,4
8
5
2,22
16
8
5
0,15
27
9,23
10
24
0,1,2
2
14,23,28
16
1
9
12
6,7,13
10
4
1,18
24
10
21
10
12
10
8
1,2,27
2
0,3,10
16
20
8
10
7
4
0
26,31
8
0
1
0
3
0
6
5,11
3,6
3
2,9
3,6
0
0
1,23
2,24
20
17
8
2,11
32
0
20
18
8
5
17
14
10
11
10
4
6,14
5
7
7
17
0
39
10
2,8
12
2,11
7
1,2,23
0,2
12
7
8,11
3
3,6
2,9
20
1,2,22
9
3
2,24
1
0
8
17,23
3
3
11
7
12,15
4
6
8
3
4
6
15
9
7
4
1,2
16
15
10,17
2,8
16
4
4
34
9
3
6,13
38
4
31
1,6
0,2
4,23
8
16
36
0
22
7
16
5
0
3
13
1
10
12
5,7,13
12
0
31
3
7
0,2
7
9
13
6
0
3,6
15
8
1
0
17
7
0
1,2
16
9
3
0
23
25
0
2,8
12
5
17
10,29
10
44
1,2
0,16
20
3
16
3,6
19
1,2,11
0
2,3,11
11
5
1,7
1
2,8
4
0,16
1
15
4
9
1
22
5
23,33
7
11,19
3
7
4
5
5
4
3
5
3
8
8
5
1
10,13,25
12
20
4
11
1,2
0
0,2
24
10
1,2
7
7
5
1
1
0
5
5
8
16
2,4
2,10,14
0
7
3,6
14,18,21
1,2,14
11
4
1,2
7
2,3,14
11
10
10,29
0,2
3,6
9
18
6
1,2,6
2,3
0
11
0
5
8
4
27
5,7
1,14,26
5
10
7
12
2
16
0
8
7
20
2
10,16
12,14,33
9,12
0
3,6
9,17
2,3,16
4
0
2,8
8
0
9
16
19
2,22,39
12
3,6
5
3
1,2,29
2
15
20
7
2,25
5
14
1
2,11
7
8
5
3
25
11
38
4
0
7
7
2,11
11,32
6,17
8
5
4
1,2
27
3
1
4,10
0
9
28
4,6
7
10,17,25
10
4
1
5
3
1
23
23,29
21,29
1,2,14
1
15
17,32
2,3
10
31
7
30
30
19,24
20,33
4
4,13
8
9
26
1
9
1
10
9
12
7
3
20
16
10
1
8
5
2
5
32
7
16
2
5
30
5
3
3
4,6
2,8
8
0
6
16
8
10
4
0
22
10
5
2,5
3,22
10,40
26
3,34
6
4
11
1
6
1,23
4
0
6
2,15,22
13
0
16
43
29
7
15
5
14
8
9
8
0
4
40
9,29
9
0
1,18
12
7
1
11,34
7
26
16
12,22
5
0
0,2
3,6
4
2,8,13
2,18,21
10,25
2,13,17
4,26
16
12
11
8
8
5
8
9
26
8
11
9
1
19
15
4
7
10
1
8
7,10,20
14
3
18,28
4
2,9,26
20
1,2,8
20
1,10,11
9
7
19
0,2
17
4
8
26
8
1,2
20
0
3
13
3,6
9
18,28
1
11
0
10
19
12,25
11
8
8
8
3
45
12
0
3
20
2,8
2,13
4
6
10
10
9
12
1,2,5
1,2
3
4
34
8
31
0,1,2
2
4
3
12,14
3
16
8
6
6
2,9,11
4
0
18,21
3,6
7
5
9
0
3
24
2,9,12
10
18
7
8
3,6
8
5,7
3
4
7
8
1
3
4
2,38
0
8,18
24
15
3
5
8
4
3,6,25
14
35
0,2,7
7
3
4
0
10
2,8,22
7
4
2,5,18
4
36
8
8
4
5
1
3
4
0
0,12
0
5
4
1
1
1
7
7
8
7
2,3,42
10
7
8
4
4
1,2,9
4
4
4
1,18
5
16
9
7
2,6,8
5,7
8
4
1
7
1
3
0
20
4
3,6
5
9
10
9
0,3,6
12
11,12
7
3
15,32
8
5
2,4
1
21
14
7
4
4
16
11
18,26
6
10
1
17
7
1
3,6
2,38
3
16
24
12,13
3
13
4
8
3,6
4
11,14
1
7
2,22
1,2
34
7
2,8
22,25,28
0
1,18
1
5
1
3
1
32
22
0
4
15
24
3
18
5,8
5
1
8
4
4
2
10
1
2,4,11
9,14
9,12,13
1,2
5
6
1
8
4
1
5
7
4
4
35
4
1,3,6
9
1,2,11
4
7
2
1
4
4,5
7
1
10
16
1,2
1
4
7
3,6
15
0
8
1
2,11
7,38
10
3
5
1
4
1,12,13
22
0
1
9,14
4
0,1
0
11
1,3,6
7
3,6,10
47
13,27
2,24
16
11
0
0
0,38
5
0
5,11
14,30
10,17
10
23
26
5
5,13
0
10,11
16
18
0
7
4
0
2,24
24
21
1
13
4
0
2,9
13
12
8
4
4
2,24
18,41
30
3
2,12
7
0
1
0
3
7
0
1,2
4
0,17,26
9
12
41
0
4
12
1
6,13
8
16
10
12,22
5
1
10
9
2,4
8,10
18,21
1
3
5,11
10
5
8
10
0
11,46
0
10,12
2,5
2,11,17
7
3,14
14,31
0
18,21
11
16
5
3
1
32
4,10
3
9
1,10
31
0,3,14
1
2,15
1
1,2,17
12
3
20
3
27,43
5
22,23
2
3,12
2,8
5
34
8
7,23
8
4
7
1,2
2
19
43
4
1,2
2,4
8
1,2,11
11
1
7
5
0,3,6
27
6,14,23
1
7
27
8
0
10
0,6
1,2,8
10
1
0
0,2
6
8
10
3
5
31
20
1,28
1
6
32
12
4
1
39
5
3,5,6
4
18,21
18
5
5,35
13,16
2,22
1
17
3,4,6
2,3
0,1,2
9
5
7
0,1,3
9,12
5
45
8
3
2,23
4
36
22,23
8
24
