0
20
6
0,7
0
5,21
10,20
1
9
38
8
10
4
11
12
1,14
15
0
5
6,13
4
3,14,23
6
1
28
9
7
4
3
4
8
0,22
16
37
0
2,8,29
1,2
11
0
9
21
0,23
13
27
7
3
8
19
4
10,11
23
5
1,2,13
1
10
4
6,28
3
0
19
3,6
0
5
4
11
1
0
0,24
32
7
17
5
4
28
1,2,11
0
27
0
1
9
7
4,26
0,2,6
0,2
8
27
9
3
6
12,13
0
10
7
5
3,6
7
0
16
4
18,21
0
1
31
0
5
11
7
0,1,2
2,9,10
13
2,8
3,14
1
3
19
12
0
0,1,2
0
6
47
24
2,4,23
3,10
1
7,29
3,6
15
6,14
8
3
4
11
6,22
24
7
0
9
2,18
0,3
3,6
2,5
6
1
0
2,8
26
22
10
5
11
4
16
0
5
4
2,6,8
0
9
12
4
1
2
5,13,22
1,18,28
11,17
15
1,3,6
7
17
4
2,4
1,2,13
23
6
0
3
46
2,42
4
13
2,15
1,23
9
7
10,25
18
4
2,10
0
1
17
1,2
7
1
4
5
19
3
0
4
10
16
6,23
12
5
4
7,21
7
1,6
11
8
5
9
3,14
1,2,3
5
6
0
7
5
6,13
4
15
2,12
15
9
30
1,28
0
3
15,32
2
2,8
20
3,30
27
4
7
1
18,21
1,2,18
3,6
8
3,6
4
0,2
0
3,6
10
4
19
1,3,6
0
7
4
18
3
17
31
0
7
12,17
15
3
1
0
11
9,20
27
8
1,4
23
5
16
1
17
0
9
3
7
0,2
4,5,7
12
19
14
7
24
9
6
5
2,17
8,29
1,2
4
1
0
18
3
10
3,6
4,10
23,24
9,26
7
1
2,4
3
0
11
10
21
3,6
8
7,10
31
0
2,4
21,25
3,6,38
17
12
10,29
24
0
4
4
15
0
1,6
6
3,6
1
9
5
1,2,7
7
10,12,22
5
20
0
2
7
0
4
5
4,29
10
0
3
4
5
2,4,13
0,2,14
18,28
13
1
4
1,20
1,11
4
1,2
5
4
0,12
3,4,6
8
16
4
4,20
0
0
3
9
4
5
2,4
0
5
11
6
0
6,23
3,14
3,6
0
7
3
24
1
6,32
3
15
9
0
32
7
5
20
4
8
3,6
1
3,6,22
4,26
10
8
0
11
4
13
3
5
1,2
11
0,11
3
0
1
17
5,8
0
3
1
3,19
5
10
3,6
0,6
30
1,2
3
2,8,29
4
1,6
0
11,23
2,12
7
4,12
9
1
15
8
18,41
12
0,6
2
28
15
30
1
3
11
7
3,6
1
13
0
2,9,25
9
12
0,1
1
9
4
10,13
25
4,14
8
16
19
11,27
18
4
2,5,11
9
2,8
5
13
6
1
29
11
12
33
4
1,2
1
2
5
10
0
24
20
14
3
0
8
4
1,2,29
5
6,14
4
7
8
18,28
5
11
44
10
12
1
7
9
35
0
3,6
4
1
27
3
3,14
4,21
3,6,12
7
4
17,31
0
9
10
0
1
7
12
5
11
21
4
8
21
13,18
10
17
1,2
4,26
12,14
19
7
1
9
6,17
3
1
4
0,4
0
5
11
14
3,6
7
8
12
3
10,19
3,17
11
1,2
13
3
15
2,12
2,18,25
4
0
3,6
9
6
3
8
0
1,25
25
3,6
11,12
3,30
1
10
7
5
12
4
6,13,14
7
2
0
3
8
1
9
15
17
11
12
9,14
0,2
0,1
21
4
8
18
5
1
0
1
19
14
3,6
1,3
6
4
8
0,2
7
7
16
9,10
10
5
4,26
7
0
0
9
0,3,6
1
10,15,25
0
8
11,25
0
25,26
1,2,15
3
3,14
5,34
19
1
4
32
5
5
2,24
10
37
15
9
3
2,9,23
5
3,6
18
5,14
4
0
7
7,13
9
11
1
25
1
3
18,21
0
1
42
0
23
19
5
0
7
8
20
9
11
3
26
6
4
1,15,42
1
15
1
1,2
13
1,2,11
0,8,11
9
1
0
9,29
2,4
0,2,5
35
1
7
0
12
1
10
5
17
5
9
1,23
3,6
10
1,2,11
20
13
2,22
21
5
0
8
3
0
9
20
9
5
1
2
10,11
19,27,44
6
1,9
0
8
3,16
8
17
5
1
18,21
1,2,11
1
19
5
27
5
16
12
9
0,2
21
22
1
0,14
25
5
0,12
7
8
12
14
11
11
1
18
15
0
4,11
9
2,4,10
10
3
5
4
1
9
0
2,8
1
9
12
1
8
0
0
35
4
8
2,12,45
0
10
10
7
15
11
1
5
9
6,14
8
1,2
10,16
2,6,19
7,11
1,13,19
0,2
4
5
8
13
12
20,21
10
11
5
2
15
12
4
0,6
0
7
11
36
5
3,6
1
15
9
0
1
4
9
2,7
1
3
11,13
14,33
8
2,4,9
5
0
2,7,8
11
19,22
8
19
5
0,1,2
4,7
11
5
2,11
12
1,2,9
15
1
22
0
6
9
1
26
13
10
5
3
16
21
8
7
9
1
1,2
4
0
9
17
1
2,9
0
1
1
0
5
3,6
0
12
1
2,22
11
12
10
5
10
2
4
0
19
3
8
11
10
1
1
21
0
5
0
10
20
13
8
3
19
10
11
1,2,4
2
0
37
1
10
28
2,4
1,12
1,2
25
27
0,2
9,11
1,18
2
4,23
1
19
11
3,12
18,21
7
13
0
10
1,27
16
1,2
5
9
1
2,4,11
35
0
3
13
11
10
2,9
0
4
3
0,2
1
5
1,2,11
12
10
8
8
2,3,6
0,2
1
3,34
17
15
19
20
5
8
22,28
5
2
8
1
9
10
2,8
1,10
3
0
1
1,9
11
0
17,23
25
9
0
3
1
11
19
4
9
8
1
1,11
20
4
10
7
5
4
18,21
1
18
9
0,1,2
3
9
13
5
20
15
0,11
10
24
9
6
0
3
9
2,11,25
6,13
5
1
2,9
5
0
3
7
15
1
2,8,14
3,6,25
25
11
42
1
3
9
16
1
13
27
19
0
2,9
8
5
4
21
8,15
3
10
1,2,29
8
9
0,2
11
5,35
1
2,4
2
0
2,8
16
22
4
35
9
37
1
12
5
4
3
9
0,2
2,11
9,28
0,9
0,2,24
36
0
5
13
8
10,25
11
19
7
12
2,6
0
27
1
13
2
5
4
5
8
5
6
1,18
5
0
10
7
9
3,6
18,21
25
11
9
0
4
26
40
15
1
19
20
0
3,6
3
8
4
0,2
17
11
1
20
4
1,11
5
1,2,8
5
17
1
26
13
0
1
9
0,1,2
1,28
21
5
3
0
8
0,11
15
19
12
43
20
20,33
4
11,20
14,22
2,9,11
1,2,9
2,3
1,5
0
1
9
19
11
13,20
0
1
11
5
13
35
2,3,11
11,18
1
0,2
3
10
1
1,2
9
16
3
12
8
1
9,10,13
3,4,10
5
0
4
2,22
3,12
1
9
19
3
22
15,19
1
0
1
1,2
8
1,6
4
11,12
11
12
0,29
0
2,9
0
13
9
3
12,13
12
19
4
17
0
8
10
37
15
4
3,6
1
27
27
1,2,4
9
21
7
10
9
3,6,11
3,13
17
12
0,17
11
0,2
1
31
3
10
5
7
6
4
1
5,40
9
8
1
1
1
27
2,5
1
25
8
10,21
10
1,2
2,4,22
9
1
11
4
0
13,17
0
7
3
9
17
0
10
28
0
1
0,17,23
13
0,10
7
34
1,2,29
12
3
0
8
4
1
5
18,21
1
11
8
20
0,6
5,24
15
2,22
10
6
27
4
0,2
16
9
1,2
2,11
5
6
1,11
17
0
28
11
2,10
1,2
4
20
16
4
0
0,12,39
24
5
13
27
4
7
1,2
12,13
10
0
1
5
22
6
8
20
3,6
1
11
0
3
4
0
15
23
5
1,2
3
9,10
8
18
2,6,8
2,6,7
0,6
0
9
16
7
6
5
3,6
4,12
26
3
2
5
25
12
2
8
3
10
1
1,2
0
1,2,23
20
0,7
4
1
2,39
0
2,6,24
9
27
5
4,11
10
3,6
18,21
7,37
7
6
11
0
0
4
2,4,14
13,14
2,7
5
24
0,2
7
4
0,12
2,6,13
2,8,29
3,15
0
13
2
2,11
15
1,2
15
3
3,6
4
10
0
11
0
7,20
5
9
8
8,11,14
0
2,9
3,14
8
3
7
4
1
9
1,2,7
3
0
11
7
0,5
13
38
1
16
5
1
3,6
7
10
0
4
0,13
1
4
3
10
7
0,2
0
1,2
8
2
2,3,6
11
1,21
5
3
4,9
1
0
7
0
25
10
10,24
6
4
1,6
11
3
4
5
13
4,13
3,6,8
4
6
1
9
31
24
2,5
4
27
7,28
2,8,11
1,3
0
1,2
5
25
9
24
4
2,12
4
7
1,20
1,2
6
0
6,21
16
17
2
1
28
1,2
7
15
9
14,33
3,13,29
10
4
2,10
6
7
1
12
4
12,14
0
4,14
16
4
7
10
11
8
0
3
4
1,2
3,6
4
2,4
1
11,13
2,8
0
10
0
9
4
12
3
20
6
1,6
4
0
11
3
7
15
0,10
24
0
26
4
3
1
4
6
1,2,3
10
15
0
5
9,36
27
2,5
0
4
0
3
16
6,14
9
8
5
4
7
12
9
0
3
1
0
1,2
0
0,2
16
4
6,11
0
25
0
10
4
3,6
7
4
0
20
3
0,2
6
1
2,12,14
12
23,29
7
10,29
9
0
1
7
15
10
30
0
4
7
4,7
7
8,9
0,2
8
4
16
5
2,8,29
9
1,2
4
8
1,23
1
7
2,6,7
0
8
12
20
1
4
4,28
2,38
10
9
9,14
0,3
7
1
2
4
1,23
8
0
3,6
24
0
4
3
9
1,2
16
2,3
10
1
5
6
10,14,31
0
0
9
7
7
0
3
0
15
20
7
4
2,6,13
0
10
9
4
0
12
27
22
1
4
8
3,6
2,24
1,2
2,12
1
4
3
0
11
25
7
3
12
34
7
10
1,2
0
2,9
7
2,8
1,2
6
4
8
0,2
8
0
7
13
16
1,2
5
8
0
0
0
0,2,31
5
3,30
10
0
4
3,6
8
0
1,2
13
3
7
2
0,2
0
1,10
7
12
9,26
8
0
0,15
8
18,21
0
4
4
0
0
6
3
15
17
7
1,2
12
3,6
2,11,15
1
7
0
17
12
0
24
10
4
5
6
0
0,6
3
8,10,13
14,28
23
0,11
8
15
10,12,13
0
4
3,6
2,22
0,1,2
0
3
5
32
7
13
16
1
0
5
0
3
1,2
0
0
4
12
4
12,15,22
8
0
30
1,2
10
15
2,14
6,29
7
0,16
5
0
11
3
1,2
15
4
3,23
3,14,20
12
4
0,3
17
22
28
3
12,13,21
0
2,39
3,6
13,14
1
4
7
0
1,6
4
3,10
16
3,6
22
7
1,2
4
2,7
3
10
7
15
0
4
10,25
1
17,25
3
1
5,12
1,2
2,5
11
26
5
4
7
5
0
0,4
3
15
4
0
0
2,9
0
1
16
3
7
12
10
0,6
0,7,20
0
3,12,25
10,26
4
5
1,2
3
17
0
7
4
1,23
2,9
4
4
16
0,3
8
4
2
0,9
24
22
31
15
4
0
3
4,13
0
4
7
2,8
1
7
0
12
10
4
30
8
6,14,31
0
5
10
1,2
1,18
3,6
4
0
11,22
1,12
8
7
2
1
4
2,7,32
5
0
15
11,19
7,23
0
2,16
30
7
2,16
0
7
3,6
10
8
3
0
2,18,21
7,20
34
5
32
22
7
4
0
10
0
17
1,2
2,3,11
0
12
1,2
3,6
0
2
8
15
0
0
3
7
0,21
2,12
8
5
2,7
24
4
5
7
4
3
4
12
3
5
1,2,4
7
8
7
4
3,6
4
1,2
16
4,10
2,5
31
3
2
4
8,12,13
7
10
8
4
2,6,8
13,14
8
26
5
3,6
3
5,20,25
2,8
2
1,2,23
2,14
5,18
5
8
3
4
7
4,6,14
7
4
26
3,6
14,23,33
40
22
3,6,14
5
16
4
3,6
4
1,18,28
8,14
8
36
7
2,3,11
0,12
16
4
7
2,8
8
4
24
4
18,21,30
8
7
4
3,14
16
5
7
5
2
6,33
3,7
7
5
4
16
3,30
14,17
7
8
4
8
12,18
4
2,12,14
24
0,12
7
7,11
6,15
8
5
8
3,6,17
40
7
2,24
8,18
2,5,11
8
5
24
8
1,6
2,5
5
32
2
8
2,14
5
16
24
5
8
5
3,30
16
6,13,25
17,32
1,14
11,14
5
22
39
0,10
24
8
3,14
16
26
5
13,27
46
2,38
5
2,8
24
5
5,9,28
2,4,11
32
5
1,23
2,3,30
2,23
2,24
8
4,6
5
1,10
5
11,28
1,23
0,3
2,8
2,9,11
9,10
16
8
38
8
8
2,21,22
13,27
8
13,16
18,41
8
2,12
16
9,26
7,10
8
8
2,8
2,5,22
10,29
16
0,11
2,3,22
3,12
8
8
1,6
3,5
16
0,26
16
7,12
1,12,19
16
1,10
8,19
1,5
41
13,26
29
1,7,14
0,11
10,17
31
9,14
12,33
14,24
31
2,12,21
2,19
1,14
43
41
1,3
3,10
6,10
9,13
31
36
43
12,15
1,6,12
13,23
6,18
1,12
10,14
11,23
10,17
45
7,9
2,14,15
36
8,28
34
5,10,25
12,23
0,3
2,17
9,12
3,19
12,16
31
5,8,26
10,33,44
2,36
4,12
2,14,34
5,7
0,16
2,26
2,14
1,6
18,26
6,30
1,14
2,19
3,32
7,22
1,30
6,9
2,26
22,23
1,8
13,37
9,12
0,12,34
3,39
2,26
1,14,25
1,22
7,13
10,18
3,5
